0 0
0 0
0 0
0 0
0 0
0 0
0 0
0 0
0 0
0 0
0 0
0 0
0 0
0 0
0 0
0 0
0 0
0 0
0 0
0 0
0 0
0 0
0 0
0 0
0 0
0 0
0 0
0 0
0 0
0 0
0 0
0 0
0 0
0 0
0 0
0 0
0 0
0 0
0 0
0 0
0 0
0 0
0 0
0 0
0 0
0 0
0 0
0 0
0 0
0 0
0 0
0 0
0 0
0 0
0 0
0 0
0 0
0 0
0 0
0 0
0 0
0 0
0 0
0 0
0 0
0 0
0 0
0 0
0 0
0 0
0 0
0 0
0 0
0 0
0 0
0 0
0 0
0 0
0 0
0 0
0 0
0 0
0 0
0 0
0 0
0 0
0 0
0 0
0 0
0 0
0 0
0 0
0 0
0 0
0 0
0 0
0 0
0 0
0 0
0 0
0 0
0 0
0 0
0 0
0 0
0 0
0 0
0 0
0 0
0 0
0 0
0 0
0 0
0 0
0 0
0 0
0 0
0 0
0 0
0 0
0 0
0 0
0 0
0 0
0 0
0 0
0 0
0 0
0 0
0 0
0 0
0 0
0 0
0 0
0 0
0 0
0 0
0 0
0 0
0 0
0 0
0 0
0 0
0 0
0 0
0 0
0 0
0 0
0 0
0 0
0 0
0 0
0 0
0 0
0 0
0 0
0 0
0 0
0 0
0 0
0 0
0 0
0 0
0 0
0 0
0 0
0 0
0 0
0 0
0 0
0 0
0 0
0 0
0 0
0 0
0 0
0 0
0 0
0 0
0 0
0 0
0 0
0 0
0 0
0 0
0 0
0 0
0 0
0 0
0 0
0 0
0 0
0 0
0 0
0 0
0 0
0 0
0 0
0 0
-0.16596 0
-0.16596 0
-0.16596 0
-0.16596 0
-0.16596 0.014172
-0.16596 0.049535
-0.16596 0.098202
-0.16596 0.15481
-0.16596 0.21558
-0.16596 0.27782
-0.16596 0.3396
-0.16596 0.39956
-0.16596 0.45679
-0.16596 0.51068
-0.16596 0.5609
-0.16596 0.60731
-0.16596 0.64989
-0.16596 0.68873
-0.16596 0.72399
-0.16596 0.75586
-0.16596 0.78458
-0.16596 0.81037
-0.16596 0.83348
-0.16596 0.85414
-0.16596 0.87258
-0.16596 0.88902
-0.16596 0.90364
-0.16596 0.91664
-0.16596 0.92819
-0.16596 0.93843
-0.16596 0.94751
-0.16596 0.95556
-0.16596 0.96269
-0.16596 0.969
-0.16596 0.97459
-0.16596 0.97953
-0.16596 0.9839
-0.16596 0.98776
-0.16596 0.99117
-0.16596 0.99419
-0.16596 0.99686
-0.16596 0.99921
-0.16596 1.0013
-0.16596 1.0031
-0.16596 1.0048
-0.16596 1.0062
-0.16596 1.0074
-0.16596 1.0086
-0.16596 1.0096
-0.16596 1.0104
-0.16596 1.0112
-0.16596 1.0119
-0.16596 1.0125
-0.16596 1.013
-0.16596 1.0135
-0.16596 1.0139
-0.16596 1.0142
-0.16596 1.0146
-0.16596 1.0148
-0.16596 1.0151
-0.16596 1.0153
-0.16596 1.0155
-0.16596 1.0157
-0.16596 1.0158
-0.16596 1.016
-0.16596 1.0161
-0.16596 1.0162
-0.16596 1.0163
-0.16596 1.0164
-0.16596 1.0164
-0.16596 1.0165
-0.16596 1.0166
-0.16596 1.0166
-0.16596 1.0166
-0.16596 1.0167
-0.16596 1.0167
-0.16596 1.0167
-0.16596 1.0168
-0.16596 1.0168
-0.16596 1.0168
-0.16596 1.0168
-0.16596 1.0168
-0.16596 1.0169
-0.16596 1.0169
-0.16596 1.0169
-0.16596 1.0169
-0.16596 1.0169
-0.16596 1.0169
-0.16596 1.0169
-0.16596 1.0169
-0.16596 1.0169
-0.16596 1.0169
-0.16596 1.0169
-0.16596 1.0169
-0.16596 1.0169
-0.16596 1.0169
-0.16596 1.017
-0.16596 1.017
-0.16596 1.017
-0.16596 1.017
0.44065 1.017
0.44065 1.017
0.44065 1.017
0.44065 1.017
0.44065 0.94864
0.44065 0.78823
0.44065 0.58874
0.44065 0.3837
0.44065 0.1911
0.44065 0.018846
0.44065 -0.13096
0.44065 -0.25918
0.44065 -0.368
0.44065 -0.45997
0.44065 -0.53763
0.44065 -0.60323
0.44065 -0.65876
0.44065 -0.70587
0.44065 -0.74594
0.44065 -0.78014
0.44065 -0.8094
0.44065 -0.83451
0.44065 -0.85611
0.44065 -0.87474
0.44065 -0.89084
0.44065 -0.9048
0.44065 -0.91691
0.44065 -0.92744
0.44065 -0.93661
0.44065 -0.94461
0.44065 -0.9516
0.44065 -0.9577
0.44065 -0.96305
0.44065 -0.96773
0.44065 -0.97184
0.44065 -0.97544
0.44065 -0.9786
0.44065 -0.98138
0.44065 -0.98382
0.44065 -0.98597
0.44065 -0.98786
0.44065 -0.98952
0.44065 -0.99098
0.44065 -0.99227
0.44065 -0.9934
0.44065 -0.9944
0.44065 -0.99528
0.44065 -0.99606
0.44065 -0.99675
0.44065 -0.99735
0.44065 -0.99788
0.44065 -0.99835
0.44065 -0.99876
0.44065 -0.99913
0.44065 -0.99945
0.44065 -0.99973
0.44065 -0.99998
0.44065 -1.0002
0.44065 -1.0004
0.44065 -1.0006
0.44065 -1.0007
0.44065 -1.0009
0.44065 -1.001
0.44065 -1.0011
0.44065 -1.0012
0.44065 -1.0013
0.44065 -1.0013
0.44065 -1.0014
0.44065 -1.0014
0.44065 -1.0015
0.44065 -1.0015
0.44065 -1.0016
0.44065 -1.0016
0.44065 -1.0016
0.44065 -1.0017
0.44065 -1.0017
0.44065 -1.0017
0.44065 -1.0017
0.44065 -1.0017
0.44065 -1.0018
0.44065 -1.0018
0.44065 -1.0018
0.44065 -1.0018
0.44065 -1.0018
0.44065 -1.0018
0.44065 -1.0018
0.44065 -1.0018
0.44065 -1.0018
0.44065 -1.0018
0.44065 -1.0018
0.44065 -1.0018
0.44065 -1.0018
0.44065 -1.0018
0.44065 -1.0018
0.44065 -1.0018
0.44065 -1.0018
0.44065 -1.0018
0.44065 -1.0018
0.44065 -1.0019
0.44065 -1.0019
-0.99977 -1.0019
-0.99977 -1.0019
-0.99977 -1.0019
-0.99977 -1.0019
-0.99977 -0.97812
-0.99977 -0.91571
-0.99977 -0.82201
-0.99977 -0.70088
-0.99977 -0.5551
-0.99977 -0.38751
-0.99977 -0.20132
-0.99977 -0.00017509
-0.99977 0.21197
-0.99977 0.43106
-0.99977 0.65318
-0.99977 0.8747
-0.99977 1.0924
-0.99977 1.3037
-0.99977 1.5063
-0.99977 1.6988
-0.99977 1.88
-0.99977 2.0492
-0.99977 2.2061
-0.99977 2.3508
-0.99977 2.4836
-0.99977 2.6047
-0.99977 2.7148
-0.99977 2.8146
-0.99977 2.9047
-0.99977 2.9858
-0.99977 3.0587
-0.99977 3.124
-0.99977 3.1824
-0.99977 3.2346
-0.99977 3.2811
-0.99977 3.3226
-0.99977 3.3595
-0.99977 3.3923
-0.99977 3.4214
-0.99977 3.4473
-0.99977 3.4702
-0.99977 3.4906
-0.99977 3.5086
-0.99977 3.5245
-0.99977 3.5386
-0.99977 3.5511
-0.99977 3.5621
-0.99977 3.5719
-0.99977 3.5805
-0.99977 3.5882
-0.99977 3.5949
-0.99977 3.6009
-0.99977 3.6061
-0.99977 3.6108
-0.99977 3.6149
-0.99977 3.6185
-0.99977 3.6217
-0.99977 3.6246
-0.99977 3.6271
-0.99977 3.6293
-0.99977 3.6312
-0.99977 3.6329
-0.99977 3.6344
-0.99977 3.6358
-0.99977 3.637
-0.99977 3.638
-0.99977 3.6389
-0.99977 3.6397
-0.99977 3.6405
-0.99977 3.6411
-0.99977 3.6416
-0.99977 3.6421
-0.99977 3.6426
-0.99977 3.643
-0.99977 3.6433
-0.99977 3.6436
-0.99977 3.6439
-0.99977 3.6441
-0.99977 3.6443
-0.99977 3.6445
-0.99977 3.6446
-0.99977 3.6448
-0.99977 3.6449
-0.99977 3.645
-0.99977 3.6451
-0.99977 3.6452
-0.99977 3.6453
-0.99977 3.6453
-0.99977 3.6454
-0.99977 3.6455
-0.99977 3.6455
-0.99977 3.6455
-0.99977 3.6456
-0.99977 3.6456
-0.99977 3.6456
-0.99977 3.6457
-0.99977 3.6457
-0.99977 3.6457
-0.99977 3.6457
-0.99977 3.6457
-0.39533 3.6457
-0.39533 3.6458
-0.39533 3.6458
-0.39533 3.6458
-0.39533 3.6219
-0.39533 3.5635
-0.39533 3.4863
-0.39533 3.4006
-0.39533 3.3131
-0.39533 3.228
-0.39533 3.1477
-0.39533 3.0733
-0.39533 3.0055
-0.39533 2.9441
-0.39533 2.8891
-0.39533 2.8399
-0.39533 2.7961
-0.39533 2.7573
-0.39533 2.7229
-0.39533 2.6925
-0.39533 2.6656
-0.39533 2.6419
-0.39533 2.621
-0.39533 2.6025
-0.39533 2.5862
-0.39533 2.5719
-0.39533 2.5592
-0.39533 2.5481
-0.39533 2.5383
-0.39533 2.5296
-0.39533 2.522
-0.39533 2.5152
-0.39533 2.5093
-0.39533 2.504
-0.39533 2.4994
-0.39533 2.4954
-0.39533 2.4918
-0.39533 2.4886
-0.39533 2.4858
-0.39533 2.4833
-0.39533 2.4812
-0.39533 2.4793
-0.39533 2.4776
-0.39533 2.4761
-0.39533 2.4748
-0.39533 2.4736
-0.39533 2.4726
-0.39533 2.4717
-0.39533 2.4709
-0.39533 2.4702
-0.39533 2.4695
-0.39533 2.469
-0.39533 2.4685
-0.39533 2.4681
-0.39533 2.4677
-0.39533 2.4674
-0.39533 2.4671
-0.39533 2.4668
-0.39533 2.4666
-0.39533 2.4664
-0.39533 2.4662
-0.39533 2.4661
-0.39533 2.4659
-0.39533 2.4658
-0.39533 2.4657
-0.39533 2.4656
-0.39533 2.4655
-0.39533 2.4654
-0.39533 2.4654
-0.39533 2.4653
-0.39533 2.4653
-0.39533 2.4652
-0.39533 2.4652
-0.39533 2.4651
-0.39533 2.4651
-0.39533 2.4651
-0.39533 2.4651
-0.39533 2.465
-0.39533 2.465
-0.39533 2.465
-0.39533 2.465
-0.39533 2.465
-0.39533 2.465
-0.39533 2.465
-0.39533 2.4649
-0.39533 2.4649
-0.39533 2.4649
-0.39533 2.4649
-0.39533 2.4649
-0.39533 2.4649
-0.39533 2.4649
-0.39533 2.4649
-0.39533 2.4649
-0.39533 2.4649
-0.39533 2.4649
-0.39533 2.4649
-0.39533 2.4649
-0.39533 2.4649
-0.39533 2.4649
-0.39533 2.4649
-0.70649 2.4649
-0.70649 2.4649
-0.70649 2.4649
-0.70649 2.4649
-0.70649 2.4802
-0.70649 2.5182
-0.70649 2.5697
-0.70649 2.6285
-0.70649 2.6904
-0.70649 2.7527
-0.70649 2.8133
-0.70649 2.8711
-0.70649 2.9253
-0.70649 2.9756
-0.70649 3.0218
-0.70649 3.0639
-0.70649 3.1021
-0.70649 3.1366
-0.70649 3.1677
-0.70649 3.1955
-0.70649 3.2204
-0.70649 3.2426
-0.70649 3.2624
-0.70649 3.28
-0.70649 3.2956
-0.70649 3.3095
-0.70649 3.3218
-0.70649 3.3327
-0.70649 3.3423
-0.70649 3.3509
-0.70649 3.3585
-0.70649 3.3651
-0.70649 3.3711
-0.70649 3.3763
-0.70649 3.3809
-0.70649 3.385
-0.70649 3.3886
-0.70649 3.3918
-0.70649 3.3946
-0.70649 3.3971
-0.70649 3.3993
-0.70649 3.4012
-0.70649 3.4029
-0.70649 3.4044
-0.70649 3.4057
-0.70649 3.4069
-0.70649 3.408
-0.70649 3.4089
-0.70649 3.4097
-0.70649 3.4104
-0.70649 3.411
-0.70649 3.4116
-0.70649 3.4121
-0.70649 3.4125
-0.70649 3.4129
-0.70649 3.4132
-0.70649 3.4135
-0.70649 3.4138
-0.70649 3.414
-0.70649 3.4142
-0.70649 3.4144
-0.70649 3.4146
-0.70649 3.4147
-0.70649 3.4148
-0.70649 3.4149
-0.70649 3.415
-0.70649 3.4151
-0.70649 3.4152
-0.70649 3.4153
-0.70649 3.4153
-0.70649 3.4154
-0.70649 3.4154
-0.70649 3.4155
-0.70649 3.4155
-0.70649 3.4155
-0.70649 3.4156
-0.70649 3.4156
-0.70649 3.4156
-0.70649 3.4156
-0.70649 3.4156
-0.70649 3.4157
-0.70649 3.4157
-0.70649 3.4157
-0.70649 3.4157
-0.70649 3.4157
-0.70649 3.4157
-0.70649 3.4157
-0.70649 3.4157
-0.70649 3.4157
-0.70649 3.4157
-0.70649 3.4157
-0.70649 3.4157
-0.70649 3.4157
-0.70649 3.4157
-0.70649 3.4157
-0.70649 3.4157
-0.70649 3.4157
-0.70649 3.4158
-0.70649 3.4158
-0.70649 3.4158
-0.81532 3.4158
-0.81532 3.4158
-0.81532 3.4158
-0.81532 3.4158
-0.81532 3.418
-0.81532 3.4234
-0.81532 3.4307
-0.81532 3.439
-0.81532 3.4476
-0.81532 3.4561
-0.81532 3.4643
-0.81532 3.4721
-0.81532 3.4792
-0.81532 3.4858
-0.81532 3.4918
-0.81532 3.4972
-0.81532 3.5021
-0.81532 3.5065
-0.81532 3.5104
-0.81532 3.5139
-0.81532 3.517
-0.81532 3.5198
-0.81532 3.5222
-0.81532 3.5244
-0.81532 3.5263
-0.81532 3.528
-0.81532 3.5295
-0.81532 3.5308
-0.81532 3.532
-0.81532 3.533
-0.81532 3.534
-0.81532 3.5348
-0.81532 3.5355
-0.81532 3.5361
-0.81532 3.5367
-0.81532 3.5372
-0.81532 3.5376
-0.81532 3.538
-0.81532 3.5383
-0.81532 3.5386
-0.81532 3.5389
-0.81532 3.5391
-0.81532 3.5393
-0.81532 3.5395
-0.81532 3.5397
-0.81532 3.5398
-0.81532 3.5399
-0.81532 3.5401
-0.81532 3.5402
-0.81532 3.5402
-0.81532 3.5403
-0.81532 3.5404
-0.81532 3.5404
-0.81532 3.5405
-0.81532 3.5405
-0.81532 3.5406
-0.81532 3.5406
-0.81532 3.5407
-0.81532 3.5407
-0.81532 3.5407
-0.81532 3.5407
-0.81532 3.5407
-0.81532 3.5408
-0.81532 3.5408
-0.81532 3.5408
-0.81532 3.5408
-0.81532 3.5408
-0.81532 3.5408
-0.81532 3.5408
-0.81532 3.5408
-0.81532 3.5408
-0.81532 3.5408
-0.81532 3.5409
-0.81532 3.5409
-0.81532 3.5409
-0.81532 3.5409
-0.81532 3.5409
-0.81532 3.5409
-0.81532 3.5409
-0.81532 3.5409
-0.81532 3.5409
-0.81532 3.5409
-0.81532 3.5409
-0.81532 3.5409
-0.81532 3.5409
-0.81532 3.5409
-0.81532 3.5409
-0.81532 3.5409
-0.81532 3.5409
-0.81532 3.5409
-0.81532 3.5409
-0.81532 3.5409
-0.81532 3.5409
-0.81532 3.5409
-0.81532 3.5409
-0.81532 3.5409
-0.81532 3.5409
-0.81532 3.5409
-0.81532 3.5409
-0.81532 3.5409
-0.62748 3.5409
-0.62748 3.5409
-0.62748 3.5409
-0.62748 3.5409
-0.62748 3.536
-0.62748 3.524
-0.62748 3.508
-0.62748 3.4899
-0.62748 3.4712
-0.62748 3.4528
-0.62748 3.4352
-0.62748 3.4187
-0.62748 3.4034
-0.62748 3.3895
-0.62748 3.3769
-0.62748 3.3655
-0.62748 3.3552
-0.62748 3.3461
-0.62748 3.3379
-0.62748 3.3307
-0.62748 3.3242
-0.62748 3.3185
-0.62748 3.3135
-0.62748 3.309
-0.62748 3.305
-0.62748 3.3015
-0.62748 3.2984
-0.62748 3.2957
-0.62748 3.2933
-0.62748 3.2911
-0.62748 3.2893
-0.62748 3.2876
-0.62748 3.2861
-0.62748 3.2848
-0.62748 3.2837
-0.62748 3.2827
-0.62748 3.2818
-0.62748 3.281
-0.62748 3.2803
-0.62748 3.2797
-0.62748 3.2791
-0.62748 3.2787
-0.62748 3.2782
-0.62748 3.2779
-0.62748 3.2775
-0.62748 3.2773
-0.62748 3.277
-0.62748 3.2768
-0.62748 3.2766
-0.62748 3.2764
-0.62748 3.2762
-0.62748 3.2761
-0.62748 3.276
-0.62748 3.2759
-0.62748 3.2758
-0.62748 3.2757
-0.62748 3.2756
-0.62748 3.2756
-0.62748 3.2755
-0.62748 3.2755
-0.62748 3.2754
-0.62748 3.2754
-0.62748 3.2753
-0.62748 3.2753
-0.62748 3.2753
-0.62748 3.2753
-0.62748 3.2752
-0.62748 3.2752
-0.62748 3.2752
-0.62748 3.2752
-0.62748 3.2752
-0.62748 3.2752
-0.62748 3.2752
-0.62748 3.2751
-0.62748 3.2751
-0.62748 3.2751
-0.62748 3.2751
-0.62748 3.2751
-0.62748 3.2751
-0.62748 3.2751
-0.62748 3.2751
-0.62748 3.2751
-0.62748 3.2751
-0.62748 3.2751
-0.62748 3.2751
-0.62748 3.2751
-0.62748 3.2751
-0.62748 3.2751
-0.62748 3.2751
-0.62748 3.2751
-0.62748 3.2751
-0.62748 3.2751
-0.62748 3.2751
-0.62748 3.2751
-0.62748 3.2751
-0.62748 3.2751
-0.62748 3.2751
-0.62748 3.2751
-0.62748 3.2751
-0.62748 3.2751
-0.30888 3.2751
-0.30888 3.2751
-0.30888 3.2751
-0.30888 3.2751
-0.30888 3.2481
-0.30888 3.1823
-0.30888 3.0954
-0.30888 2.9994
-0.30888 2.9018
-0.30888 2.8071
-0.30888 2.7181
-0.30888 2.636
-0.30888 2.5614
-0.30888 2.4941
-0.30888 2.4339
-0.30888 2.3802
-0.30888 2.3325
-0.30888 2.2904
-0.30888 2.253
-0.30888 2.2201
-0.30888 2.191
-0.30888 2.1654
-0.30888 2.1429
-0.30888 2.123
-0.30888 2.1054
-0.30888 2.09
-0.30888 2.0764
-0.30888 2.0644
-0.30888 2.0539
-0.30888 2.0446
-0.30888 2.0364
-0.30888 2.0291
-0.30888 2.0228
-0.30888 2.0172
-0.30888 2.0122
-0.30888 2.0078
-0.30888 2.004
-0.30888 2.0006
-0.30888 1.9976
-0.30888 1.995
-0.30888 1.9927
-0.30888 1.9906
-0.30888 1.9888
-0.30888 1.9872
-0.30888 1.9858
-0.30888 1.9845
-0.30888 1.9835
-0.30888 1.9825
-0.30888 1.9816
-0.30888 1.9809
-0.30888 1.9802
-0.30888 1.9796
-0.30888 1.9791
-0.30888 1.9787
-0.30888 1.9783
-0.30888 1.9779
-0.30888 1.9776
-0.30888 1.9773
-0.30888 1.9771
-0.30888 1.9768
-0.30888 1.9767
-0.30888 1.9765
-0.30888 1.9763
-0.30888 1.9762
-0.30888 1.9761
-0.30888 1.976
-0.30888 1.9759
-0.30888 1.9758
-0.30888 1.9758
-0.30888 1.9757
-0.30888 1.9756
-0.30888 1.9756
-0.30888 1.9755
-0.30888 1.9755
-0.30888 1.9755
-0.30888 1.9754
-0.30888 1.9754
-0.30888 1.9754
-0.30888 1.9754
-0.30888 1.9754
-0.30888 1.9753
-0.30888 1.9753
-0.30888 1.9753
-0.30888 1.9753
-0.30888 1.9753
-0.30888 1.9753
-0.30888 1.9753
-0.30888 1.9753
-0.30888 1.9753
-0.30888 1.9753
-0.30888 1.9753
-0.30888 1.9753
-0.30888 1.9753
-0.30888 1.9753
-0.30888 1.9752
-0.30888 1.9752
-0.30888 1.9752
-0.30888 1.9752
-0.30888 1.9752
-0.30888 1.9752
-0.20647 1.9752
-0.20647 1.9752
-0.20647 1.9752
-0.20647 1.9752
-0.20647 1.9618
-0.20647 1.9289
-0.20647 1.8852
-0.20647 1.8366
-0.20647 1.7869
-0.20647 1.7383
-0.20647 1.6924
-0.20647 1.6498
-0.20647 1.6107
-0.20647 1.5754
-0.20647 1.5436
-0.20647 1.5151
-0.20647 1.4897
-0.20647 1.4671
-0.20647 1.4471
-0.20647 1.4294
-0.20647 1.4137
-0.20647 1.3999
-0.20647 1.3877
-0.20647 1.3769
-0.20647 1.3673
-0.20647 1.3589
-0.20647 1.3515
-0.20647 1.345
-0.20647 1.3392
-0.20647 1.3341
-0.20647 1.3297
-0.20647 1.3257
-0.20647 1.3222
-0.20647 1.3191
-0.20647 1.3164
-0.20647 1.314
-0.20647 1.3119
-0.20647 1.3101
-0.20647 1.3084
-0.20647 1.307
-0.20647 1.3057
-0.20647 1.3046
-0.20647 1.3036
-0.20647 1.3027
-0.20647 1.3019
-0.20647 1.3012
-0.20647 1.3006
-0.20647 1.3001
-0.20647 1.2996
-0.20647 1.2992
-0.20647 1.2988
-0.20647 1.2985
-0.20647 1.2982
-0.20647 1.298
-0.20647 1.2978
-0.20647 1.2976
-0.20647 1.2974
-0.20647 1.2972
-0.20647 1.2971
-0.20647 1.297
-0.20647 1.2969
-0.20647 1.2968
-0.20647 1.2967
-0.20647 1.2966
-0.20647 1.2966
-0.20647 1.2965
-0.20647 1.2965
-0.20647 1.2964
-0.20647 1.2964
-0.20647 1.2964
-0.20647 1.2963
-0.20647 1.2963
-0.20647 1.2963
-0.20647 1.2963
-0.20647 1.2962
-0.20647 1.2962
-0.20647 1.2962
-0.20647 1.2962
-0.20647 1.2962
-0.20647 1.2962
-0.20647 1.2962
-0.20647 1.2962
-0.20647 1.2962
-0.20647 1.2961
-0.20647 1.2961
-0.20647 1.2961
-0.20647 1.2961
-0.20647 1.2961
-0.20647 1.2961
-0.20647 1.2961
-0.20647 1.2961
-0.20647 1.2961
-0.20647 1.2961
-0.20647 1.2961
-0.20647 1.2961
-0.20647 1.2961
-0.20647 1.2961
-0.20647 1.2961
-0.20647 1.2961
-0.20647 1.2961
0.077633 1.2961
0.077633 1.2961
0.077633 1.2961
0.077633 1.2961
0.077633 1.2531
0.077633 1.1501
0.077633 1.0178
0.077633 0.87616
0.077633 0.73721
0.077633 0.60732
0.077633 0.48939
0.077633 0.38423
0.077633 0.2915
0.077633 0.21031
0.077633 0.13952
0.077633 0.077937
0.077633 0.024426
0.077633 -0.022058
0.077633 -0.06245
0.077633 -0.097568
0.077633 -0.12813
0.077633 -0.15474
0.077633 -0.17795
0.077633 -0.1982
0.077633 -0.21588
0.077633 -0.23135
0.077633 -0.24488
0.077633 -0.25674
0.077633 -0.26712
0.077633 -0.27624
0.077633 -0.28423
0.077633 -0.29125
0.077633 -0.29742
0.077633 -0.30285
0.077633 -0.30762
0.077633 -0.31181
0.077633 -0.3155
0.077633 -0.31875
0.077633 -0.32162
0.077633 -0.32414
0.077633 -0.32636
0.077633 -0.32831
0.077633 -0.33004
0.077633 -0.33156
0.077633 -0.3329
0.077633 -0.33408
0.077633 -0.33512
0.077633 -0.33604
0.077633 -0.33685
0.077633 -0.33757
0.077633 -0.3382
0.077633 -0.33875
0.077633 -0.33924
0.077633 -0.33967
0.077633 -0.34006
0.077633 -0.34039
0.077633 -0.34069
0.077633 -0.34095
0.077633 -0.34118
0.077633 -0.34139
0.077633 -0.34157
0.077633 -0.34173
0.077633 -0.34187
0.077633 -0.34199
0.077633 -0.3421
0.077633 -0.3422
0.077633 -0.34228
0.077633 -0.34236
0.077633 -0.34242
0.077633 -0.34248
0.077633 -0.34253
0.077633 -0.34258
0.077633 -0.34262
0.077633 -0.34265
0.077633 -0.34268
0.077633 -0.34271
0.077633 -0.34274
0.077633 -0.34276
0.077633 -0.34278
0.077633 -0.34279
0.077633 -0.34281
0.077633 -0.34282
0.077633 -0.34283
0.077633 -0.34284
0.077633 -0.34285
0.077633 -0.34286
0.077633 -0.34287
0.077633 -0.34287
0.077633 -0.34288
0.077633 -0.34288
0.077633 -0.34289
0.077633 -0.34289
0.077633 -0.34289
0.077633 -0.3429
0.077633 -0.3429
0.077633 -0.3429
0.077633 -0.3429
0.077633 -0.3429
0.077633 -0.34291
0.077633 -0.34291
-0.16161 -0.34291
-0.16161 -0.34291
-0.16161 -0.34291
-0.16161 -0.34291
-0.16161 -0.32654
-0.16161 -0.28541
-0.16161 -0.22812
-0.16161 -0.16052
-0.16161 -0.086795
-0.16161 -0.010089
-0.16161 0.067231
-0.16161 0.14338
-0.16161 0.21706
-0.16161 0.28733
-0.16161 0.35358
-0.16161 0.41543
-0.16161 0.47272
-0.16161 0.52543
-0.16161 0.57363
-0.16161 0.6175
-0.16161 0.65727
-0.16161 0.69317
-0.16161 0.7255
-0.16161 0.75452
-0.16161 0.78052
-0.16161 0.80377
-0.16161 0.82452
-0.16161 0.84301
-0.16161 0.85947
-0.16161 0.8741
-0.16161 0.8871
-0.16161 0.89864
-0.16161 0.90887
-0.16161 0.91794
-0.16161 0.92597
-0.16161 0.93309
-0.16161 0.93938
-0.16161 0.94495
-0.16161 0.94988
-0.16161 0.95424
-0.16161 0.95809
-0.16161 0.96149
-0.16161 0.9645
-0.16161 0.96716
-0.16161 0.9695
-0.16161 0.97158
-0.16161 0.97341
-0.16161 0.97503
-0.16161 0.97645
-0.16161 0.97772
-0.16161 0.97883
-0.16161 0.97981
-0.16161 0.98068
-0.16161 0.98145
-0.16161 0.98212
-0.16161 0.98272
-0.16161 0.98325
-0.16161 0.98371
-0.16161 0.98412
-0.16161 0.98448
-0.16161 0.9848
-0.16161 0.98508
-0.16161 0.98533
-0.16161 0.98555
-0.16161 0.98575
-0.16161 0.98592
-0.16161 0.98607
-0.16161 0.9862
-0.16161 0.98632
-0.16161 0.98643
-0.16161 0.98652
-0.16161 0.9866
-0.16161 0.98667
-0.16161 0.98673
-0.16161 0.98679
-0.16161 0.98684
-0.16161 0.98688
-0.16161 0.98692
-0.16161 0.98695
-0.16161 0.98698
-0.16161 0.98701
-0.16161 0.98703
-0.16161 0.98705
-0.16161 0.98707
-0.16161 0.98709
-0.16161 0.9871
-0.16161 0.98711
-0.16161 0.98712
-0.16161 0.98713
-0.16161 0.98714
-0.16161 0.98715
-0.16161 0.98716
-0.16161 0.98716
-0.16161 0.98717
-0.16161 0.98717
-0.16161 0.98718
-0.16161 0.98718
-0.16161 0.98718
-0.16161 0.98718
-0.16161 0.98719
0.37044 0.98719
0.37044 0.98719
0.37044 0.98719
0.37044 0.98719
0.37044 0.92398
0.37044 0.7751
0.37044 0.58906
0.37044 0.39668
0.37044 0.21479
0.37044 0.05105
0.37044 -0.092272
0.37044 -0.2157
0.37044 -0.32105
0.37044 -0.41056
0.37044 -0.4865
0.37044 -0.55094
0.37044 -0.60569
0.37044 -0.6523
0.37044 -0.69209
0.37044 -0.72613
0.37044 -0.75533
0.37044 -0.78044
0.37044 -0.80208
0.37044 -0.82079
0.37044 -0.83698
0.37044 -0.85103
0.37044 -0.86324
0.37044 -0.87387
0.37044 -0.88313
0.37044 -0.89122
0.37044 -0.89828
0.37044 -0.90447
0.37044 -0.90988
0.37044 -0.91463
0.37044 -0.91879
0.37044 -0.92244
0.37044 -0.92565
0.37044 -0.92847
0.37044 -0.93095
0.37044 -0.93313
0.37044 -0.93505
0.37044 -0.93674
0.37044 -0.93823
0.37044 -0.93953
0.37044 -0.94069
0.37044 -0.9417
0.37044 -0.9426
0.37044 -0.94339
0.37044 -0.94409
0.37044 -0.9447
0.37044 -0.94524
0.37044 -0.94572
0.37044 -0.94614
0.37044 -0.94651
0.37044 -0.94684
0.37044 -0.94712
0.37044 -0.94738
0.37044 -0.9476
0.37044 -0.9478
0.37044 -0.94798
0.37044 -0.94813
0.37044 -0.94827
0.37044 -0.94839
0.37044 -0.94849
0.37044 -0.94859
0.37044 -0.94867
0.37044 -0.94874
0.37044 -0.94881
0.37044 -0.94886
0.37044 -0.94891
0.37044 -0.94896
0.37044 -0.949
0.37044 -0.94903
0.37044 -0.94906
0.37044 -0.94909
0.37044 -0.94911
0.37044 -0.94913
0.37044 -0.94915
0.37044 -0.94917
0.37044 -0.94918
0.37044 -0.94919
0.37044 -0.9492
0.37044 -0.94921
0.37044 -0.94922
0.37044 -0.94923
0.37044 -0.94924
0.37044 -0.94924
0.37044 -0.94925
0.37044 -0.94925
0.37044 -0.94926
0.37044 -0.94926
0.37044 -0.94926
0.37044 -0.94927
0.37044 -0.94927
0.37044 -0.94927
0.37044 -0.94927
0.37044 -0.94928
0.37044 -0.94928
0.37044 -0.94928
0.37044 -0.94928
-0.5911 -0.94928
-0.5911 -0.94928
-0.5911 -0.94928
-0.5911 -0.94928
-0.5911 -0.92558
-0.5911 -0.86358
-0.5911 -0.77136
-0.5911 -0.65343
-0.5911 -0.51319
-0.5911 -0.35389
-0.5911 -0.17898
-0.5911 0.007889
-0.5911 0.20293
-0.5911 0.40245
-0.5911 0.60295
-0.5911 0.80133
-0.5911 0.99493
-0.5911 1.1816
-0.5911 1.3596
-0.5911 1.5278
-0.5911 1.6854
-0.5911 1.832
-0.5911 1.9675
-0.5911 2.092
-0.5911 2.2059
-0.5911 2.3096
-0.5911 2.4036
-0.5911 2.4887
-0.5911 2.5653
-0.5911 2.6342
-0.5911 2.696
-0.5911 2.7514
-0.5911 2.8009
-0.5911 2.845
-0.5911 2.8843
-0.5911 2.9194
-0.5911 2.9505
-0.5911 2.9782
-0.5911 3.0027
-0.5911 3.0245
-0.5911 3.0438
-0.5911 3.0609
-0.5911 3.0761
-0.5911 3.0895
-0.5911 3.1014
-0.5911 3.1119
-0.5911 3.1212
-0.5911 3.1294
-0.5911 3.1366
-0.5911 3.143
-0.5911 3.1487
-0.5911 3.1537
-0.5911 3.1582
-0.5911 3.1621
-0.5911 3.1655
-0.5911 3.1686
-0.5911 3.1712
-0.5911 3.1736
-0.5911 3.1757
-0.5911 3.1776
-0.5911 3.1792
-0.5911 3.1807
-0.5911 3.1819
-0.5911 3.1831
-0.5911 3.184
-0.5911 3.1849
-0.5911 3.1857
-0.5911 3.1864
-0.5911 3.187
-0.5911 3.1875
-0.5911 3.188
-0.5911 3.1884
-0.5911 3.1888
-0.5911 3.1891
-0.5911 3.1894
-0.5911 3.1896
-0.5911 3.1898
-0.5911 3.19
-0.5911 3.1902
-0.5911 3.1904
-0.5911 3.1905
-0.5911 3.1906
-0.5911 3.1907
-0.5911 3.1908
-0.5911 3.1909
-0.5911 3.191
-0.5911 3.191
-0.5911 3.1911
-0.5911 3.1911
-0.5911 3.1912
-0.5911 3.1912
-0.5911 3.1913
-0.5911 3.1913
-0.5911 3.1913
-0.5911 3.1913
-0.5911 3.1914
-0.5911 3.1914
-0.5911 3.1914
-0.5911 3.1914
-0.5911 3.1914
0.75623 3.1914
0.75623 3.1914
0.75623 3.1914
0.75623 3.1915
0.75623 3.0019
0.75623 2.5673
0.75623 2.0479
0.75623 1.5394
0.75623 1.0863
0.75623 0.70222
0.75623 0.38515
0.75623 0.12688
0.75623 -0.082366
0.75623 -0.25183
0.75623 -0.38943
0.75623 -0.50164
0.75623 -0.59363
0.75623 -0.66948
0.75623 -0.73237
0.75623 -0.78482
0.75623 -0.8288
0.75623 -0.86586
0.75623 -0.89724
0.75623 -0.92392
0.75623 -0.9467
0.75623 -0.96621
0.75623 -0.98298
0.75623 -0.99744
0.75623 -1.0099
0.75623 -1.0208
0.75623 -1.0302
0.75623 -1.0383
0.75623 -1.0454
0.75623 -1.0517
0.75623 -1.0571
0.75623 -1.0618
0.75623 -1.066
0.75623 -1.0696
0.75623 -1.0728
0.75623 -1.0756
0.75623 -1.0781
0.75623 -1.0802
0.75623 -1.0821
0.75623 -1.0838
0.75623 -1.0853
0.75623 -1.0866
0.75623 -1.0877
0.75623 -1.0887
0.75623 -1.0896
0.75623 -1.0904
0.75623 -1.0911
0.75623 -1.0917
0.75623 -1.0922
0.75623 -1.0927
0.75623 -1.0931
0.75623 -1.0934
0.75623 -1.0938
0.75623 -1.094
0.75623 -1.0943
0.75623 -1.0945
0.75623 -1.0947
0.75623 -1.0949
0.75623 -1.095
0.75623 -1.0952
0.75623 -1.0953
0.75623 -1.0954
0.75623 -1.0955
0.75623 -1.0956
0.75623 -1.0956
0.75623 -1.0957
0.75623 -1.0958
0.75623 -1.0958
0.75623 -1.0958
0.75623 -1.0959
0.75623 -1.0959
0.75623 -1.096
0.75623 -1.096
0.75623 -1.096
0.75623 -1.096
0.75623 -1.096
0.75623 -1.0961
0.75623 -1.0961
0.75623 -1.0961
0.75623 -1.0961
0.75623 -1.0961
0.75623 -1.0961
0.75623 -1.0961
0.75623 -1.0961
0.75623 -1.0961
0.75623 -1.0961
0.75623 -1.0961
0.75623 -1.0961
0.75623 -1.0961
0.75623 -1.0962
0.75623 -1.0962
0.75623 -1.0962
0.75623 -1.0962
0.75623 -1.0962
0.75623 -1.0962
0.75623 -1.0962
-0.94522 -1.0962
-0.94522 -1.0962
-0.94522 -1.0962
-0.94522 -1.0962
-0.94522 -1.0746
-0.94522 -1.0176
-0.94522 -0.93126
-0.94522 -0.81846
-0.94522 -0.68116
-0.94522 -0.52149
-0.94522 -0.34209
-0.94522 -0.1462
-0.94522 0.062462
-0.94522 0.27996
-0.94522 0.50231
-0.94522 0.72576
-0.94522 0.94689
-0.94522 1.1628
-0.94522 1.371
-0.94522 1.5698
-0.94522 1.7577
-0.94522 1.9338
-0.94522 2.0978
-0.94522 2.2495
-0.94522 2.3889
-0.94522 2.5165
-0.94522 2.6328
-0.94522 2.7383
-0.94522 2.8337
-0.94522 2.9198
-0.94522 2.9972
-0.94522 3.0666
-0.94522 3.1288
-0.94522 3.1845
-0.94522 3.2341
-0.94522 3.2783
-0.94522 3.3177
-0.94522 3.3528
-0.94522 3.3839
-0.94522 3.4116
-0.94522 3.4361
-0.94522 3.4578
-0.94522 3.4771
-0.94522 3.4942
-0.94522 3.5093
-0.94522 3.5227
-0.94522 3.5345
-0.94522 3.545
-0.94522 3.5542
-0.94522 3.5624
-0.94522 3.5696
-0.94522 3.576
-0.94522 3.5816
-0.94522 3.5866
-0.94522 3.591
-0.94522 3.5949
-0.94522 3.5984
-0.94522 3.6014
-0.94522 3.6041
-0.94522 3.6064
-0.94522 3.6085
-0.94522 3.6104
-0.94522 3.612
-0.94522 3.6134
-0.94522 3.6147
-0.94522 3.6158
-0.94522 3.6168
-0.94522 3.6177
-0.94522 3.6184
-0.94522 3.6191
-0.94522 3.6197
-0.94522 3.6202
-0.94522 3.6207
-0.94522 3.6211
-0.94522 3.6215
-0.94522 3.6218
-0.94522 3.6221
-0.94522 3.6223
-0.94522 3.6226
-0.94522 3.6228
-0.94522 3.6229
-0.94522 3.6231
-0.94522 3.6232
-0.94522 3.6233
-0.94522 3.6234
-0.94522 3.6235
-0.94522 3.6236
-0.94522 3.6237
-0.94522 3.6237
-0.94522 3.6238
-0.94522 3.6239
-0.94522 3.6239
-0.94522 3.6239
-0.94522 3.624
-0.94522 3.624
-0.94522 3.624
-0.94522 3.6241
-0.94522 3.6241
-0.94522 3.6241
-0.94522 3.6241
0.34094 3.6241
0.34094 3.6241
0.34094 3.6241
0.34094 3.6242
0.34094 3.4366
0.34094 3.0038
0.34094 2.481
0.34094 1.9622
0.34094 1.4933
0.34094 1.0898
0.34094 0.75203
0.34094 0.47312
0.34094 0.24425
0.34094 0.056721
0.34094 -0.097185
0.34094 -0.22392
0.34094 -0.32872
0.34094 -0.41581
0.34094 -0.48853
0.34094 -0.54956
0.34094 -0.60102
0.34094 -0.6446
0.34094 -0.68166
0.34094 -0.71329
0.34094 -0.74039
0.34094 -0.76368
0.34094 -0.78375
0.34094 -0.80109
0.34094 -0.8161
0.34094 -0.82914
0.34094 -0.84047
0.34094 -0.85034
0.34094 -0.85895
0.34094 -0.86647
0.34094 -0.87304
0.34094 -0.8788
0.34094 -0.88384
0.34094 -0.88826
0.34094 -0.89214
0.34094 -0.89555
0.34094 -0.89854
0.34094 -0.90117
0.34094 -0.90348
0.34094 -0.90552
0.34094 -0.90731
0.34094 -0.90889
0.34094 -0.91028
0.34094 -0.9115
0.34094 -0.91258
0.34094 -0.91353
0.34094 -0.91437
0.34094 -0.9151
0.34094 -0.91576
0.34094 -0.91633
0.34094 -0.91683
0.34094 -0.91728
0.34094 -0.91767
0.34094 -0.91802
0.34094 -0.91833
0.34094 -0.9186
0.34094 -0.91884
0.34094 -0.91905
0.34094 -0.91923
0.34094 -0.91939
0.34094 -0.91954
0.34094 -0.91967
0.34094 -0.91978
0.34094 -0.91988
0.34094 -0.91997
0.34094 -0.92004
0.34094 -0.92011
0.34094 -0.92017
0.34094 -0.92022
0.34094 -0.92027
0.34094 -0.92031
0.34094 -0.92035
0.34094 -0.92038
0.34094 -0.92041
0.34094 -0.92043
0.34094 -0.92046
0.34094 -0.92048
0.34094 -0.92049
0.34094 -0.92051
0.34094 -0.92052
0.34094 -0.92053
0.34094 -0.92054
0.34094 -0.92055
0.34094 -0.92056
0.34094 -0.92057
0.34094 -0.92057
0.34094 -0.92058
0.34094 -0.92059
0.34094 -0.92059
0.34094 -0.92059
0.34094 -0.9206
0.34094 -0.9206
0.34094 -0.9206
0.34094 -0.9206
0.34094 -0.92061
0.34094 -0.92061
-0.16539 -0.92061
-0.16539 -0.92061
-0.16539 -0.92061
-0.16539 -0.92061
-0.16539 -0.90401
-0.16539 -0.86147
-0.16539 -0.80027
-0.16539 -0.72515
-0.16539 -0.63968
-0.16539 -0.54683
-0.16539 -0.44923
-0.16539 -0.34919
-0.16539 -0.24874
-0.16539 -0.14958
-0.16539 -0.053117
-0.16539 0.039548
-0.16539 0.1276
-0.16539 0.21049
-0.16539 0.28788
-0.16539 0.35962
-0.16539 0.4257
-0.16539 0.48626
-0.16539 0.54148
-0.16539 0.59163
-0.16539 0.63702
-0.16539 0.67796
-0.16539 0.7148
-0.16539 0.74786
-0.16539 0.77746
-0.16539 0.80393
-0.16539 0.82756
-0.16539 0.84862
-0.16539 0.86737
-0.16539 0.88404
-0.16539 0.89885
-0.16539 0.912
-0.16539 0.92367
-0.16539 0.93401
-0.16539 0.94317
-0.16539 0.95129
-0.16539 0.95847
-0.16539 0.96483
-0.16539 0.97045
-0.16539 0.97542
-0.16539 0.97982
-0.16539 0.98371
-0.16539 0.98714
-0.16539 0.99018
-0.16539 0.99286
-0.16539 0.99523
-0.16539 0.99732
-0.16539 0.99917
-0.16539 1.0008
-0.16539 1.0022
-0.16539 1.0035
-0.16539 1.0046
-0.16539 1.0056
-0.16539 1.0065
-0.16539 1.0073
-0.16539 1.008
-0.16539 1.0086
-0.16539 1.0091
-0.16539 1.0096
-0.16539 1.01
-0.16539 1.0103
-0.16539 1.0107
-0.16539 1.011
-0.16539 1.0112
-0.16539 1.0114
-0.16539 1.0116
-0.16539 1.0118
-0.16539 1.0119
-0.16539 1.0121
-0.16539 1.0122
-0.16539 1.0123
-0.16539 1.0124
-0.16539 1.0125
-0.16539 1.0126
-0.16539 1.0126
-0.16539 1.0127
-0.16539 1.0127
-0.16539 1.0128
-0.16539 1.0128
-0.16539 1.0128
-0.16539 1.0129
-0.16539 1.0129
-0.16539 1.0129
-0.16539 1.0129
-0.16539 1.013
-0.16539 1.013
-0.16539 1.013
-0.16539 1.013
-0.16539 1.013
-0.16539 1.013
-0.16539 1.013
-0.16539 1.013
-0.16539 1.013
-0.16539 1.013
-0.16539 1.0131
-0.16539 1.0131
0.11738 1.0131
0.11738 1.0131
0.11738 1.0131
0.11738 1.0131
0.11738 0.97361
0.11738 0.87915
0.11738 0.75784
0.11738 0.62813
0.11738 0.501
0.11738 0.38229
0.11738 0.2746
0.11738 0.17866
0.11738 0.094139
0.11738 0.020191
0.11738 -0.044239
0.11738 -0.10025
0.11738 -0.14889
0.11738 -0.19112
0.11738 -0.2278
0.11738 -0.25968
0.11738 -0.28741
0.11738 -0.31155
0.11738 -0.33259
0.11738 -0.35094
0.11738 -0.36698
0.11738 -0.38099
0.11738 -0.39325
0.11738 -0.40399
0.11738 -0.4134
0.11738 -0.42165
0.11738 -0.42889
0.11738 -0.43525
0.11738 -0.44083
0.11738 -0.44574
0.11738 -0.45006
0.11738 -0.45386
0.11738 -0.4572
0.11738 -0.46014
0.11738 -0.46273
0.11738 -0.46501
0.11738 -0.46702
0.11738 -0.46879
0.11738 -0.47035
0.11738 -0.47173
0.11738 -0.47294
0.11738 -0.47401
0.11738 -0.47495
0.11738 -0.47578
0.11738 -0.47651
0.11738 -0.47716
0.11738 -0.47773
0.11738 -0.47823
0.11738 -0.47868
0.11738 -0.47907
0.11738 -0.47941
0.11738 -0.47972
0.11738 -0.47999
0.11738 -0.48022
0.11738 -0.48043
0.11738 -0.48062
0.11738 -0.48078
0.11738 -0.48092
0.11738 -0.48105
0.11738 -0.48116
0.11738 -0.48126
0.11738 -0.48135
0.11738 -0.48143
0.11738 -0.48149
0.11738 -0.48155
0.11738 -0.48161
0.11738 -0.48165
0.11738 -0.48169
0.11738 -0.48173
0.11738 -0.48176
0.11738 -0.48179
0.11738 -0.48182
0.11738 -0.48184
0.11738 -0.48186
0.11738 -0.48187
0.11738 -0.48189
0.11738 -0.4819
0.11738 -0.48192
0.11738 -0.48193
0.11738 -0.48193
0.11738 -0.48194
0.11738 -0.48195
0.11738 -0.48196
0.11738 -0.48196
0.11738 -0.48197
0.11738 -0.48197
0.11738 -0.48197
0.11738 -0.48198
0.11738 -0.48198
0.11738 -0.48198
0.11738 -0.48199
0.11738 -0.48199
0.11738 -0.48199
0.11738 -0.48199
0.11738 -0.48199
0.11738 -0.48199
-0.71923 -0.482
-0.71923 -0.482
-0.71923 -0.482
-0.71923 -0.482
-0.71923 -0.45144
-0.71923 -0.37274
-0.71923 -0.25861
-0.71923 -0.11712
-0.71923 0.045605
-0.71923 0.22429
-0.71923 0.41412
-0.71923 0.61066
-0.71923 0.80989
-0.71923 1.0082
-0.71923 1.2027
-0.71923 1.3909
-0.71923 1.5709
-0.71923 1.7413
-0.71923 1.9012
-0.71923 2.0501
-0.71923 2.1879
-0.71923 2.3146
-0.71923 2.4305
-0.71923 2.5361
-0.71923 2.6319
-0.71923 2.7185
-0.71923 2.7966
-0.71923 2.8668
-0.71923 2.9297
-0.71923 2.9861
-0.71923 3.0365
-0.71923 3.0814
-0.71923 3.1215
-0.71923 3.1571
-0.71923 3.1888
-0.71923 3.217
-0.71923 3.242
-0.71923 3.2641
-0.71923 3.2838
-0.71923 3.3012
-0.71923 3.3166
-0.71923 3.3303
-0.71923 3.3423
-0.71923 3.353
-0.71923 3.3625
-0.71923 3.3708
-0.71923 3.3782
-0.71923 3.3847
-0.71923 3.3905
-0.71923 3.3956
-0.71923 3.4001
-0.71923 3.4041
-0.71923 3.4076
-0.71923 3.4107
-0.71923 3.4134
-0.71923 3.4158
-0.71923 3.418
-0.71923 3.4198
-0.71923 3.4215
-0.71923 3.423
-0.71923 3.4243
-0.71923 3.4254
-0.71923 3.4264
-0.71923 3.4273
-0.71923 3.4281
-0.71923 3.4288
-0.71923 3.4294
-0.71923 3.4299
-0.71923 3.4304
-0.71923 3.4308
-0.71923 3.4312
-0.71923 3.4315
-0.71923 3.4318
-0.71923 3.4321
-0.71923 3.4323
-0.71923 3.4325
-0.71923 3.4327
-0.71923 3.4328
-0.71923 3.433
-0.71923 3.4331
-0.71923 3.4332
-0.71923 3.4333
-0.71923 3.4334
-0.71923 3.4335
-0.71923 3.4335
-0.71923 3.4336
-0.71923 3.4336
-0.71923 3.4337
-0.71923 3.4337
-0.71923 3.4337
-0.71923 3.4338
-0.71923 3.4338
-0.71923 3.4338
-0.71923 3.4338
-0.71923 3.4339
-0.71923 3.4339
-0.71923 3.4339
-0.71923 3.4339
-0.71923 3.4339
-0.71923 3.4339
-0.6038 3.4339
-0.6038 3.4339
-0.6038 3.434
-0.6038 3.434
-0.6038 3.4301
-0.6038 3.4206
-0.6038 3.4078
-0.6038 3.3935
-0.6038 3.3787
-0.6038 3.3641
-0.6038 3.35
-0.6038 3.3369
-0.6038 3.3247
-0.6038 3.3136
-0.6038 3.3035
-0.6038 3.2944
-0.6038 3.2863
-0.6038 3.279
-0.6038 3.2725
-0.6038 3.2667
-0.6038 3.2615
-0.6038 3.257
-0.6038 3.2529
-0.6038 3.2493
-0.6038 3.2462
-0.6038 3.2434
-0.6038 3.2409
-0.6038 3.2387
-0.6038 3.2368
-0.6038 3.2351
-0.6038 3.2335
-0.6038 3.2322
-0.6038 3.231
-0.6038 3.23
-0.6038 3.2291
-0.6038 3.2283
-0.6038 3.2276
-0.6038 3.2269
-0.6038 3.2264
-0.6038 3.2259
-0.6038 3.2255
-0.6038 3.2251
-0.6038 3.2247
-0.6038 3.2244
-0.6038 3.2242
-0.6038 3.2239
-0.6038 3.2237
-0.6038 3.2236
-0.6038 3.2234
-0.6038 3.2233
-0.6038 3.2231
-0.6038 3.223
-0.6038 3.2229
-0.6038 3.2228
-0.6038 3.2228
-0.6038 3.2227
-0.6038 3.2226
-0.6038 3.2226
-0.6038 3.2225
-0.6038 3.2225
-0.6038 3.2225
-0.6038 3.2224
-0.6038 3.2224
-0.6038 3.2224
-0.6038 3.2224
-0.6038 3.2223
-0.6038 3.2223
-0.6038 3.2223
-0.6038 3.2223
-0.6038 3.2223
-0.6038 3.2223
-0.6038 3.2223
-0.6038 3.2223
-0.6038 3.2223
-0.6038 3.2222
-0.6038 3.2222
-0.6038 3.2222
-0.6038 3.2222
-0.6038 3.2222
-0.6038 3.2222
-0.6038 3.2222
-0.6038 3.2222
-0.6038 3.2222
-0.6038 3.2222
-0.6038 3.2222
-0.6038 3.2222
-0.6038 3.2222
-0.6038 3.2222
-0.6038 3.2222
-0.6038 3.2222
-0.6038 3.2222
-0.6038 3.2222
-0.6038 3.2222
-0.6038 3.2222
-0.6038 3.2222
-0.6038 3.2222
-0.6038 3.2222
-0.6038 3.2222
-0.6038 3.2222
-0.6038 3.2222
0.60149 3.2222
0.60149 3.2222
0.60149 3.2222
0.60149 3.2222
0.60149 3.0353
0.60149 2.6062
0.60149 2.0923
0.60149 1.5876
0.60149 1.1364
0.60149 0.75273
0.60149 0.43498
0.60149 0.1754
0.60149 -0.035514
0.60149 -0.20677
0.60149 -0.34615
0.60149 -0.46006
0.60149 -0.55362
0.60149 -0.6309
0.60149 -0.69508
0.60149 -0.74868
0.60149 -0.79367
0.60149 -0.83163
0.60149 -0.8638
0.60149 -0.89118
0.60149 -0.91457
0.60149 -0.93462
0.60149 -0.95187
0.60149 -0.96674
0.60149 -0.9796
0.60149 -0.99074
0.60149 -1.0004
0.60149 -1.0088
0.60149 -1.0162
0.60149 -1.0226
0.60149 -1.0282
0.60149 -1.0331
0.60149 -1.0373
0.60149 -1.0411
0.60149 -1.0444
0.60149 -1.0473
0.60149 -1.0498
0.60149 -1.0521
0.60149 -1.054
0.60149 -1.0557
0.60149 -1.0573
0.60149 -1.0586
0.60149 -1.0598
0.60149 -1.0608
0.60149 -1.0617
0.60149 -1.0625
0.60149 -1.0632
0.60149 -1.0639
0.60149 -1.0644
0.60149 -1.0649
0.60149 -1.0653
0.60149 -1.0657
0.60149 -1.066
0.60149 -1.0663
0.60149 -1.0666
0.60149 -1.0668
0.60149 -1.067
0.60149 -1.0672
0.60149 -1.0673
0.60149 -1.0675
0.60149 -1.0676
0.60149 -1.0677
0.60149 -1.0678
0.60149 -1.0679
0.60149 -1.068
0.60149 -1.068
0.60149 -1.0681
0.60149 -1.0681
0.60149 -1.0682
0.60149 -1.0682
0.60149 -1.0683
0.60149 -1.0683
0.60149 -1.0683
0.60149 -1.0683
0.60149 -1.0684
0.60149 -1.0684
0.60149 -1.0684
0.60149 -1.0684
0.60149 -1.0684
0.60149 -1.0684
0.60149 -1.0684
0.60149 -1.0685
0.60149 -1.0685
0.60149 -1.0685
0.60149 -1.0685
0.60149 -1.0685
0.60149 -1.0685
0.60149 -1.0685
0.60149 -1.0685
0.60149 -1.0685
0.60149 -1.0685
0.60149 -1.0685
0.60149 -1.0685
0.60149 -1.0685
0.60149 -1.0685
0.60149 -1.0685
0.93652 -1.0685
0.93652 -1.0685
0.93652 -1.0685
0.93652 -1.0685
0.93652 -1.0693
0.93652 -1.0712
0.93652 -1.0737
0.93652 -1.0765
0.93652 -1.0794
0.93652 -1.0822
0.93652 -1.085
0.93652 -1.0875
0.93652 -1.0899
0.93652 -1.0921
0.93652 -1.094
0.93652 -1.0958
0.93652 -1.0973
0.93652 -1.0987
0.93652 -1.1
0.93652 -1.1011
0.93652 -1.1021
0.93652 -1.103
0.93652 -1.1037
0.93652 -1.1044
0.93652 -1.105
0.93652 -1.1056
0.93652 -1.106
0.93652 -1.1065
0.93652 -1.1068
0.93652 -1.1071
0.93652 -1.1074
0.93652 -1.1077
0.93652 -1.1079
0.93652 -1.1081
0.93652 -1.1083
0.93652 -1.1084
0.93652 -1.1086
0.93652 -1.1087
0.93652 -1.1088
0.93652 -1.1089
0.93652 -1.109
0.93652 -1.109
0.93652 -1.1091
0.93652 -1.1092
0.93652 -1.1092
0.93652 -1.1093
0.93652 -1.1093
0.93652 -1.1093
0.93652 -1.1094
0.93652 -1.1094
0.93652 -1.1094
0.93652 -1.1094
0.93652 -1.1095
0.93652 -1.1095
0.93652 -1.1095
0.93652 -1.1095
0.93652 -1.1095
0.93652 -1.1095
0.93652 -1.1095
0.93652 -1.1095
0.93652 -1.1095
0.93652 -1.1096
0.93652 -1.1096
0.93652 -1.1096
0.93652 -1.1096
0.93652 -1.1096
0.93652 -1.1096
0.93652 -1.1096
0.93652 -1.1096
0.93652 -1.1096
0.93652 -1.1096
0.93652 -1.1096
0.93652 -1.1096
0.93652 -1.1096
0.93652 -1.1096
0.93652 -1.1096
0.93652 -1.1096
0.93652 -1.1096
0.93652 -1.1096
0.93652 -1.1096
0.93652 -1.1096
0.93652 -1.1096
0.93652 -1.1096
0.93652 -1.1096
0.93652 -1.1096
0.93652 -1.1096
0.93652 -1.1096
0.93652 -1.1096
0.93652 -1.1096
0.93652 -1.1096
0.93652 -1.1096
0.93652 -1.1096
0.93652 -1.1096
0.93652 -1.1096
0.93652 -1.1096
0.93652 -1.1096
0.93652 -1.1096
0.93652 -1.1096
0.93652 -1.1096
0.93652 -1.1096
-0.37315 -1.1096
-0.37315 -1.1096
-0.37315 -1.1096
-0.37315 -1.1096
-0.37315 -1.0909
-0.37315 -1.0419
-0.37315 -0.96871
-0.37315 -0.87455
-0.37315 -0.76191
-0.37315 -0.63316
-0.37315 -0.49094
-0.37315 -0.33813
-0.37315 -0.17779
-0.37315 -0.012965
-0.37315 0.15342
-0.37315 0.31872
-0.37315 0.48061
-0.37315 0.63721
-0.37315 0.78701
-0.37315 0.92892
-0.37315 1.0622
-0.37315 1.1864
-0.37315 1.3015
-0.37315 1.4074
-0.37315 1.5043
-0.37315 1.5928
-0.37315 1.6731
-0.37315 1.7457
-0.37315 1.8113
-0.37315 1.8703
-0.37315 1.9232
-0.37315 1.9707
-0.37315 2.0131
-0.37315 2.051
-0.37315 2.0847
-0.37315 2.1148
-0.37315 2.1415
-0.37315 2.1653
-0.37315 2.1864
-0.37315 2.2051
-0.37315 2.2217
-0.37315 2.2365
-0.37315 2.2495
-0.37315 2.261
-0.37315 2.2712
-0.37315 2.2803
-0.37315 2.2883
-0.37315 2.2953
-0.37315 2.3016
-0.37315 2.3071
-0.37315 2.312
-0.37315 2.3163
-0.37315 2.3201
-0.37315 2.3235
-0.37315 2.3264
-0.37315 2.3291
-0.37315 2.3314
-0.37315 2.3334
-0.37315 2.3352
-0.37315 2.3368
-0.37315 2.3382
-0.37315 2.3395
-0.37315 2.3406
-0.37315 2.3415
-0.37315 2.3424
-0.37315 2.3431
-0.37315 2.3438
-0.37315 2.3444
-0.37315 2.3449
-0.37315 2.3454
-0.37315 2.3458
-0.37315 2.3461
-0.37315 2.3465
-0.37315 2.3467
-0.37315 2.347
-0.37315 2.3472
-0.37315 2.3474
-0.37315 2.3476
-0.37315 2.3477
-0.37315 2.3478
-0.37315 2.3479
-0.37315 2.3481
-0.37315 2.3481
-0.37315 2.3482
-0.37315 2.3483
-0.37315 2.3484
-0.37315 2.3484
-0.37315 2.3485
-0.37315 2.3485
-0.37315 2.3485
-0.37315 2.3486
-0.37315 2.3486
-0.37315 2.3486
-0.37315 2.3486
-0.37315 2.3487
-0.37315 2.3487
-0.37315 2.3487
-0.37315 2.3487
-0.37315 2.3487
-0.37315 2.3487
0.38465 2.3487
0.38465 2.3488
0.38465 2.3488
0.38465 2.3488
0.38465 2.2219
0.38465 1.9271
0.38465 1.5671
0.38465 1.2049
0.38465 0.87262
0.38465 0.58245
0.38465 0.33589
0.38465 0.12947
0.38465 -0.042129
0.38465 -0.18443
0.38465 -0.3025
0.38465 -0.40069
0.38465 -0.48263
0.38465 -0.55126
0.38465 -0.60898
0.38465 -0.65774
0.38465 -0.69908
0.38465 -0.73427
0.38465 -0.76433
0.38465 -0.79009
0.38465 -0.81223
0.38465 -0.83132
0.38465 -0.84782
0.38465 -0.86211
0.38465 -0.87452
0.38465 -0.8853
0.38465 -0.89469
0.38465 -0.90289
0.38465 -0.91004
0.38465 -0.9163
0.38465 -0.92177
0.38465 -0.92657
0.38465 -0.93078
0.38465 -0.93447
0.38465 -0.93771
0.38465 -0.94056
0.38465 -0.94306
0.38465 -0.94526
0.38465 -0.9472
0.38465 -0.94891
0.38465 -0.95041
0.38465 -0.95173
0.38465 -0.95289
0.38465 -0.95392
0.38465 -0.95482
0.38465 -0.95562
0.38465 -0.95632
0.38465 -0.95694
0.38465 -0.95748
0.38465 -0.95797
0.38465 -0.95839
0.38465 -0.95876
0.38465 -0.95909
0.38465 -0.95939
0.38465 -0.95964
0.38465 -0.95987
0.38465 -0.96007
0.38465 -0.96025
0.38465 -0.9604
0.38465 -0.96054
0.38465 -0.96066
0.38465 -0.96077
0.38465 -0.96086
0.38465 -0.96094
0.38465 -0.96102
0.38465 -0.96108
0.38465 -0.96114
0.38465 -0.96119
0.38465 -0.96123
0.38465 -0.96127
0.38465 -0.96131
0.38465 -0.96134
0.38465 -0.96137
0.38465 -0.96139
0.38465 -0.96141
0.38465 -0.96143
0.38465 -0.96145
0.38465 -0.96146
0.38465 -0.96147
0.38465 -0.96148
0.38465 -0.96149
0.38465 -0.9615
0.38465 -0.96151
0.38465 -0.96152
0.38465 -0.96152
0.38465 -0.96153
0.38465 -0.96153
0.38465 -0.96154
0.38465 -0.96154
0.38465 -0.96154
0.38465 -0.96155
0.38465 -0.96155
0.38465 -0.96155
0.38465 -0.96155
0.38465 -0.96156
0.38465 -0.96156
0.75278 -0.96156
0.75278 -0.96156
0.75278 -0.96156
0.75278 -0.96156
0.75278 -0.96426
0.75278 -0.97083
0.75278 -0.97955
0.75278 -0.98923
0.75278 -0.99912
0.75278 -1.0088
0.75278 -1.0179
0.75278 -1.0263
0.75278 -1.034
0.75278 -1.041
0.75278 -1.0473
0.75278 -1.0529
0.75278 -1.0579
0.75278 -1.0623
0.75278 -1.0662
0.75278 -1.0697
0.75278 -1.0728
0.75278 -1.0755
0.75278 -1.0779
0.75278 -1.08
0.75278 -1.0819
0.75278 -1.0835
0.75278 -1.085
0.75278 -1.0862
0.75278 -1.0874
0.75278 -1.0883
0.75278 -1.0892
0.75278 -1.09
0.75278 -1.0907
0.75278 -1.0913
0.75278 -1.0918
0.75278 -1.0923
0.75278 -1.0927
0.75278 -1.0931
0.75278 -1.0934
0.75278 -1.0937
0.75278 -1.0939
0.75278 -1.0941
0.75278 -1.0943
0.75278 -1.0945
0.75278 -1.0946
0.75278 -1.0948
0.75278 -1.0949
0.75278 -1.095
0.75278 -1.0951
0.75278 -1.0952
0.75278 -1.0952
0.75278 -1.0953
0.75278 -1.0954
0.75278 -1.0954
0.75278 -1.0954
0.75278 -1.0955
0.75278 -1.0955
0.75278 -1.0955
0.75278 -1.0956
0.75278 -1.0956
0.75278 -1.0956
0.75278 -1.0956
0.75278 -1.0957
0.75278 -1.0957
0.75278 -1.0957
0.75278 -1.0957
0.75278 -1.0957
0.75278 -1.0957
0.75278 -1.0957
0.75278 -1.0957
0.75278 -1.0957
0.75278 -1.0957
0.75278 -1.0957
0.75278 -1.0957
0.75278 -1.0957
0.75278 -1.0957
0.75278 -1.0958
0.75278 -1.0958
0.75278 -1.0958
0.75278 -1.0958
0.75278 -1.0958
0.75278 -1.0958
0.75278 -1.0958
0.75278 -1.0958
0.75278 -1.0958
0.75278 -1.0958
0.75278 -1.0958
0.75278 -1.0958
0.75278 -1.0958
0.75278 -1.0958
0.75278 -1.0958
0.75278 -1.0958
0.75278 -1.0958
0.75278 -1.0958
0.75278 -1.0958
0.75278 -1.0958
0.75278 -1.0958
0.75278 -1.0958
0.75278 -1.0958
0.75278 -1.0958
0.78921 -1.0958
0.78921 -1.0958
0.78921 -1.0958
0.78921 -1.0958
0.78921 -1.0958
0.78921 -1.096
0.78921 -1.0962
0.78921 -1.0965
0.78921 -1.0968
0.78921 -1.097
0.78921 -1.0973
0.78921 -1.0975
0.78921 -1.0978
0.78921 -1.098
0.78921 -1.0982
0.78921 -1.0983
0.78921 -1.0985
0.78921 -1.0986
0.78921 -1.0987
0.78921 -1.0988
0.78921 -1.0989
0.78921 -1.099
0.78921 -1.0991
0.78921 -1.0992
0.78921 -1.0992
0.78921 -1.0993
0.78921 -1.0993
0.78921 -1.0994
0.78921 -1.0994
0.78921 -1.0994
0.78921 -1.0995
0.78921 -1.0995
0.78921 -1.0995
0.78921 -1.0995
0.78921 -1.0995
0.78921 -1.0996
0.78921 -1.0996
0.78921 -1.0996
0.78921 -1.0996
0.78921 -1.0996
0.78921 -1.0996
0.78921 -1.0996
0.78921 -1.0996
0.78921 -1.0996
0.78921 -1.0996
0.78921 -1.0996
0.78921 -1.0996
0.78921 -1.0996
0.78921 -1.0996
0.78921 -1.0996
0.78921 -1.0996
0.78921 -1.0997
0.78921 -1.0997
0.78921 -1.0997
0.78921 -1.0997
0.78921 -1.0997
0.78921 -1.0997
0.78921 -1.0997
0.78921 -1.0997
0.78921 -1.0997
0.78921 -1.0997
0.78921 -1.0997
0.78921 -1.0997
0.78921 -1.0997
0.78921 -1.0997
0.78921 -1.0997
0.78921 -1.0997
0.78921 -1.0997
0.78921 -1.0997
0.78921 -1.0997
0.78921 -1.0997
0.78921 -1.0997
0.78921 -1.0997
0.78921 -1.0997
0.78921 -1.0997
0.78921 -1.0997
0.78921 -1.0997
0.78921 -1.0997
0.78921 -1.0997
0.78921 -1.0997
0.78921 -1.0997
0.78921 -1.0997
0.78921 -1.0997
0.78921 -1.0997
0.78921 -1.0997
0.78921 -1.0997
0.78921 -1.0997
0.78921 -1.0997
0.78921 -1.0997
0.78921 -1.0997
0.78921 -1.0997
0.78921 -1.0997
0.78921 -1.0997
0.78921 -1.0997
0.78921 -1.0997
0.78921 -1.0997
0.78921 -1.0997
0.78921 -1.0997
0.78921 -1.0997
0.78921 -1.0997
-0.82991 -1.0997
-0.82991 -1.0997
-0.82991 -1.0997
-0.82991 -1.0997
-0.82991 -1.0783
-0.82991 -1.0219
-0.82991 -0.93645
-0.82991 -0.82487
-0.82991 -0.68912
-0.82991 -0.53132
-0.82991 -0.35411
-0.82991 -0.16069
-0.82991 0.045261
-0.82991 0.25985
-0.82991 0.47916
-0.82991 0.69947
-0.82991 0.91745
-0.82991 1.1302
-0.82991 1.3354
-0.82991 1.5311
-0.82991 1.7162
-0.82991 1.8897
-0.82991 2.0511
-0.82991 2.2004
-0.82991 2.3377
-0.82991 2.4633
-0.82991 2.5777
-0.82991 2.6816
-0.82991 2.7755
-0.82991 2.8601
-0.82991 2.9363
-0.82991 3.0046
-0.82991 3.0658
-0.82991 3.1206
-0.82991 3.1694
-0.82991 3.2129
-0.82991 3.2517
-0.82991 3.2862
-0.82991 3.3168
-0.82991 3.344
-0.82991 3.3681
-0.82991 3.3895
-0.82991 3.4085
-0.82991 3.4252
-0.82991 3.4401
-0.82991 3.4533
-0.82991 3.4649
-0.82991 3.4752
-0.82991 3.4843
-0.82991 3.4923
-0.82991 3.4994
-0.82991 3.5057
-0.82991 3.5113
-0.82991 3.5162
-0.82991 3.5205
-0.82991 3.5243
-0.82991 3.5277
-0.82991 3.5307
-0.82991 3.5333
-0.82991 3.5357
-0.82991 3.5377
-0.82991 3.5395
-0.82991 3.5411
-0.82991 3.5425
-0.82991 3.5438
-0.82991 3.5449
-0.82991 3.5459
-0.82991 3.5467
-0.82991 3.5475
-0.82991 3.5481
-0.82991 3.5487
-0.82991 3.5493
-0.82991 3.5497
-0.82991 3.5501
-0.82991 3.5505
-0.82991 3.5508
-0.82991 3.5511
-0.82991 3.5513
-0.82991 3.5515
-0.82991 3.5517
-0.82991 3.5519
-0.82991 3.552
-0.82991 3.5522
-0.82991 3.5523
-0.82991 3.5524
-0.82991 3.5525
-0.82991 3.5526
-0.82991 3.5526
-0.82991 3.5527
-0.82991 3.5527
-0.82991 3.5528
-0.82991 3.5528
-0.82991 3.5529
-0.82991 3.5529
-0.82991 3.5529
-0.82991 3.553
-0.82991 3.553
-0.82991 3.553
-0.82991 3.553
-0.82991 3.553
-0.92189 3.5531
-0.92189 3.5531
-0.92189 3.5531
-0.92189 3.5531
-0.92189 3.5542
-0.92189 3.5568
-0.92189 3.5603
-0.92189 3.5643
-0.92189 3.5684
-0.92189 3.5725
-0.92189 3.5764
-0.92189 3.5801
-0.92189 3.5836
-0.92189 3.5867
-0.92189 3.5896
-0.92189 3.5922
-0.92189 3.5945
-0.92189 3.5966
-0.92189 3.5985
-0.92189 3.6001
-0.92189 3.6016
-0.92189 3.6029
-0.92189 3.6041
-0.92189 3.6051
-0.92189 3.606
-0.92189 3.6068
-0.92189 3.6076
-0.92189 3.6082
-0.92189 3.6088
-0.92189 3.6092
-0.92189 3.6097
-0.92189 3.6101
-0.92189 3.6104
-0.92189 3.6107
-0.92189 3.611
-0.92189 3.6112
-0.92189 3.6114
-0.92189 3.6116
-0.92189 3.6118
-0.92189 3.6119
-0.92189 3.612
-0.92189 3.6121
-0.92189 3.6122
-0.92189 3.6123
-0.92189 3.6124
-0.92189 3.6125
-0.92189 3.6125
-0.92189 3.6126
-0.92189 3.6126
-0.92189 3.6127
-0.92189 3.6127
-0.92189 3.6127
-0.92189 3.6128
-0.92189 3.6128
-0.92189 3.6128
-0.92189 3.6128
-0.92189 3.6128
-0.92189 3.6129
-0.92189 3.6129
-0.92189 3.6129
-0.92189 3.6129
-0.92189 3.6129
-0.92189 3.6129
-0.92189 3.6129
-0.92189 3.6129
-0.92189 3.6129
-0.92189 3.6129
-0.92189 3.6129
-0.92189 3.6129
-0.92189 3.6129
-0.92189 3.613
-0.92189 3.613
-0.92189 3.613
-0.92189 3.613
-0.92189 3.613
-0.92189 3.613
-0.92189 3.613
-0.92189 3.613
-0.92189 3.613
-0.92189 3.613
-0.92189 3.613
-0.92189 3.613
-0.92189 3.613
-0.92189 3.613
-0.92189 3.613
-0.92189 3.613
-0.92189 3.613
-0.92189 3.613
-0.92189 3.613
-0.92189 3.613
-0.92189 3.613
-0.92189 3.613
-0.92189 3.613
-0.92189 3.613
-0.92189 3.613
-0.92189 3.613
-0.92189 3.613
-0.92189 3.613
-0.92189 3.613
-0.92189 3.613
-0.92189 3.613
